78.04253 1306.482005
79.056066 6436.320853
80.051342 9853.680325
81.070262 10104.785929
82.06665 368075.927684
82.100087 472.345299
82.138726 13719.314468
82.187752 5962.820988
82.392696 2146.20226
82.416181 2909.73058
82.450746 4479.741406
82.487335 1092.435983
82.721841 7876.557129
82.981038 3174.114542
83.017735 3201.823901
83.072343 53527.386227
84.045926 3859.192828
84.078745 3598.689704
85.066262 1974.87869
86.062079 1380.302151
87.046039 892.676947
89.04019 1485.661996
90.048025 4045.796347
91.055967 272317.10937
91.092013 662.647693
91.131945 10533.003557
91.183684 4907.713791
91.39816 1680.340294
91.446518 5458.856674
91.730523 4600.328149
91.768366 1489.953061
91.793306 2945.101951
92.059303 23756.195403
93.035548 67273.009389
93.071573 55788.666789
93.126776 5312.036933
94.039335 5805.806741
94.067373 96519.041186
94.142745 3998.378429
95.072774 13591.415316
96.046808 2170.889718
96.083046 58037.967057
97.067269 23737.471091
98.069264 2314.418493
100.078318 2592.203532
103.05626 1589.836429
105.036164 279621.032621
105.073414 11606.395662
105.118578 9698.696699
105.172142 5784.078573
105.40344 1786.069459
105.430825 2433.618221
105.456015 1449.532288
105.472567 1210.533984
105.490394 1468.843211
105.510652 1272.776486
105.790395 6825.856282
106.039785 20706.787999
106.068692 10739.510245
106.135084 6480.158552
107.051868 10518.25786
107.075283 18324.693643
107.1223 1377.064232
108.083326 144754.772148
108.163942 8574.209391
108.22365 3145.641554
108.460137 3143.963047
108.510713 4041.748194
109.068352 11318.677431
109.086413 16536.588193
109.178141 5183.035719
110.066408 2216.153182
114.094234 5921.571755
117.059974 11089.882992
118.044348 37158.821576
119.052205 208730.698874
119.139001 7839.83636
119.1975 4072.028847
119.44228 1031.989117
119.506439 4977.993657
120.055523 18585.231208
120.084386 6657.546224
121.067533 10276.111708
122.063475 14216.534431
122.099595 159777.615081
122.186855 6116.123484
122.248075 2872.576051
123.102621 20190.075956
124.080869 1867.024549
125.063131 17985.453006
126.066537 1462.519101
128.077063 1281.862607
130.067323 2001.716472
132.084057 21921.530959
133.068978 12441.831798
134.06543 3284.41242
135.07098 20242.086822
136.07769 5818.722465
148.078545 1812.638595
149.085432 1219.339768
150.094227 167867.447671
150.190984 7213.80377
150.258702 2939.646076
151.090444 29231.889453
152.076152 5879.505106
154.089064 45650.105113
155.092938 4238.29928
164.109881 3185.914733
168.104933 1575.063715
180.105247 1176.142561
182.120445 389521.074869
182.228489 16055.386553
182.300685 7293.58805
182.563142 2112.227986
182.606192 2545.677782
182.672879 8309.161459
183.054804 3743.163957
183.123835 45965.292469
183.195128 4541.55492
183.520639 4505.032688
183.583645 5423.999664
183.971074 4123.355331
184.12574 4571.512519
196.136383 2670.980665
304.158908 1833.088863
