50.016013 615.413109
51.023979 3523.108766
52.027812 269.705628
52.057041 36.353896
53.039013 4178.777327
54.042712 135.319805
55.019238 92.230442
55.055918 659.891234
56.051193 142.209489
57.033818 70.537713
57.068727 852.11039
58.064636 478.035714
59.047723 160.709416
61.006184 182.284091
62.013487 708.513218
63.0208 4236.594178
64.025403 267.362028
64.077466 36.392857
65.036525 107946.211039
65.190312 200.345523
66.040358 6544.103896
67.052777 3326.246753
67.26172 82.369529
67.289935 100.358995
67.365152 8.443327
67.451304 131.753182
67.531764 13.165981
67.550451 13.366172
67.570604 14.957125
67.606492 35.273723
67.904375 68.732143
68.055916 310.933269
69.068337 1544.175325
70.032668 42.452922
70.07051 282.215909
71.08352 531.311688
71.989582 160.955586
72.0448 530.154221
72.995944 275.372549
75.022758 85.308442
77.038063 5065.213887
77.202872 73.87987
77.226977 51.032468
78.043427 805.930195
78.12168 53.219156
78.142593 43.123377
79.05376 4648.691558
79.193665 109.649351
80.055512 738.621753
81.069772 3787.725649
82.070763 406.530844
83.08534 850.006494
84.084506 115.225649
85.064101 88.595779
85.103362 168.50974
86.096817 282.686688
88.023064 151.497519
89.04023 821.501623
90.044867 261.126417
91.055494 256579.305195
91.237836 1066.793677
91.317337 488.94349
91.349449 71.81344
91.542681 1673.613813
92.058609 19346.46151
93.068806 2584.668867
94.043243 770.445265
94.227895 15.818707
94.307385 141.994474
94.391006 17.683081
94.414225 21.583969
94.437757 19.363281
94.461358 15.190794
94.491692 38.172704
94.528379 11.985059
94.659407 22.440126
95.085807 3264.532468
95.257777 18.15399
95.375435 10.770055
95.396207 21.886364
95.591546 37.212662
95.642169 22.01461
96.004479 30.326299
96.087763 388.728896
97.102986 531.686688
97.154104 43.650974
98.063131 72.97423
99.042626 91.230519
102.045363 141.373377
103.055521 1544.853896
104.062889 499.283613
105.071606 3997.731537
106.073044 374.999591
107.086191 1987.482471
108.091073 368.592532
109.102393 2246.670793
110.024421 88.13961
110.103617 207.641234
111.015156 47.928571
111.111852 417.521104
115.056498 2346.25487
116.061037 342.793831
117.06977 2060.837662
117.19359 62.646828
118.068611 487.087662
119.087197 2484.11526
120.08577 287.715909
121.10293 1394.352273
121.197671 49.858766
121.223461 47.798701
121.252185 47.069805
122.102721 281.25487
123.118115 732.331169
124.029305 91.465909
128.062634 524.77905
129.068315 836.215909
130.076436 474.236024
131.085775 1019.587662
132.086582 362.483766
133.101497 1257.306818
134.096347 260.155844
135.013657 58.25561
135.118538 779.967532
135.17885 142.186688
136.020851 1087.537095
137.123825 374.613636
138.977798 301.141234
139.069797 166.926948
141.074021 365.660714
142.072674 314.561688
143.086986 723.498814
144.091942 351.72525
145.103125 1189.844156
146.099358 220.371549
147.117533 717.933442
148.123875 187.300325
149.05792 100.454545
149.128106 434.412338
151.027777 222.49026
151.110151 58.563312
151.138102 83.310065
152.065298 66.673701
153.075202 87.920683
154.081764 143.400974
155.090496 410.25
156.095638 183.573052
157.10155 465.050325
158.10751 210.691558
159.114131 749.863636
161.133915 434.959416
163.147427 243.534091
165.076971 248.949675
165.980638 132.107072
166.077249 108.271104
167.089416 131.40282
167.993196 109.62987
169.033923 108.04838
169.09978 291.340909
170.10082 109.774351
171.115419 273.582792
173.135862 343.025974
175.144512 355.2215
177.156365 100.948052
181.099952 109.300325
183.116927 95.297078
185.133469 240.63474
187.146541 260.555195
199.151514 106.881494
209.140478 59.519481
215.176871 105.563312
217.024003 541.27349
284.294354 254.269481
312.330088 160.841543
324.331137 190.353236
