51.019704 367.400974
53.035264 1200.607143
54.034822 85.972403
55.010534 85.837662
55.050571 877.631494
56.049392 186.640264
57.066416 1487.024971
58.05897 784.204545
58.10426 115.066558
59.045017 787.672078
60.042868 89.38961
61.024142 126.249223
63.01967 325.910931
65.034237 10974.308442
65.44216 50.63474
65.458805 85.836039
65.751176 71.016234
66.03795 670.511364
67.050844 1980.938312
67.162835 39.657468
68.058827 184.803331
69.067402 2241.707475
70.065758 279.438393
71.08233 1011.344156
72.042414 636.498429
73.031576 215.097403
73.060029 128.625
74.055447 65.079545
74.08075 53.037338
75.023488 106.266234
77.036914 1062.819805
78.042434 136.555869
79.051283 2761.40168
80.055334 77.414723
81.070154 3616.751623
81.225299 90.810065
82.071744 389.076299
83.084047 1476.967532
84.04509 39.496849
84.082335 103.271901
85.100325 601.558442
86.096334 455.993506
88.021122 568.464286
89.063554 276.413961
91.056173 539966.399209
91.136169 11503.002833
91.237585 3093.904839
91.318703 1047.285895
91.347864 186.653296
91.529805 8779.658258
92.058043 51217.555195
93.067204 2466.723603
95.085544 2517.532468
95.318093 67.454545
95.388062 242.648634
95.489155 23.956242
95.510456 21.490771
95.535957 23.57088
95.55948 26.680493
95.603692 66.105519
95.628826 30.100649
95.649135 26.376623
95.675096 20.840909
95.734013 42.25
95.783831 79.99513
95.857196 54.258117
95.916289 39.222891
95.960871 23.097476
95.98237 17.287379
96.007435 21.258698
96.088052 403.837662
96.805628 15.811468
96.852134 18.37013
96.875484 19.938312
97.101063 1395.303571
97.249787 79.699675
97.634464 70.803571
98.09763 216.87987
99.043709 332.900053
99.114727 125.322728
103.054181 851.099026
104.061069 228.869967
105.070993 3311.426517
106.073069 336.159091
107.08592 2534.415584
108.08991 264.956169
108.138742 40.612013
109.103728 2119.477273
110.105206 364.356173
111.114272 687.823052
112.081027 154.573052
113.017867 97.728896
113.078925 227.714286
115.056728 1102.78026
116.058065 87.631494
117.071217 3022.912232
118.075045 380.086039
119.087858 20760.707792
119.40621 40.321177
119.458508 22.02122
119.511645 29.69041
119.611995 336.667503
119.745809 13.36526
119.81539 57.963283
119.873632 25.001841
119.931712 11.10282
120.091224 2190.108766
120.428435 32.334416
121.102976 1742.798271
122.101459 225.280844
123.117969 1642.947348
124.118258 262.767857
125.057301 128.996753
125.093931 112.649351
125.130909 113.626623
127.047635 93.185806
127.076732 54.008117
128.054446 139.293831
129.069943 307.34215
131.087694 759.984552
132.083909 677.591289
133.102599 1546.722403
134.098065 1403.043831
135.11715 1784.293831
135.225295 53.418831
136.113486 4614.4331
136.263008 62.419685
137.122382 1088.422078
137.212229 75.054337
139.034254 100.079545
139.074113 62.358766
139.112408 173.157468
141.004076 598.409065
142.078171 77.25974
143.083738 612.350711
144.088863 165.096011
145.102282 1125.761364
146.099245 299.092532
147.116625 1066.502697
148.118275 459.699675
149.131197 1179.842008
150.136087 233.856006
151.033994 105.051948
151.144335 570.944643
152.020998 140.435065
153.092838 120.137987
155.090325 304.055195
157.102036 457.277433
158.107066 134.506494
159.119848 886.459416
160.078827 63.597403
160.110054 149.284921
161.133853 907.13474
161.263947 96.49513
162.133899 293.818206
163.146989 669.907468
164.160108 200.852877
165.126179 402.600649
167.094078 114.055195
167.120102 111.493506
167.996739 243.420336
168.101046 97.311688
169.097271 128.529221
169.125494 62.579545
171.118392 289.313312
173.134831 669.967532
174.135898 199.430195
175.148914 848.050325
176.15086 185.056818
177.157392 227.853712
177.21108 45.332758
179.078702 95.686688
179.177985 218.089286
179.206462 107.733133
181.097981 148.362013
183.109526 298.187272
185.132703 224.844156
187.14405 447.453483
188.147355 160.806818
189.169506 540.277597
191.137488 350.616883
193.124063 111.814935
193.176486 85.529221
195.122665 136.918831
197.132326 183.24026
199.146076 338.316558
201.165287 309
203.181032 439.290584
205.192083 303.522727
209.13556 115.935065
213.166242 267.38961
215.180142 355.428571
217.190973 192.378247
226.16427 244.251623
227.18626 161.054724
229.193963 274.641234
231.21533 153.228486
233.227346 157.797078
243.207082 137.670455
245.222216 151.764921
257.242405 326.193182
284.298128 195.409091
285.280042 162.456183
295.06915 225.290584
312.320392 178.363636
324.3315 158.612546
395.367442 174.613704
397.386496 368.426948
398.382193 122.109176
588.300269 23.900195
603.517984 69.2951
