73.026192 427.413063
81.029567 136.023885
86.096409 273.162016
88.280763 29.775904
93.070066 303.849187
93.107313 45.183594
99.045141 236.562185
107.083891 387.430172
111.082205 277.323618
113.027564 44.166667
121.104279 405.958018
125.10351 135.50367
127.06149 106.304
133.098449 469.266427
134.107106 62.033333
135.11643 572.55
136.121648 56.05
137.036702 38.975774
137.059583 87.666667
137.08738 104.053986
141.102007 114.842187
149.101111 347.499499
151.105279 101.516667
151.14788 49.883333
152.07025 75.133333
153.085771 155.225031
155.112761 244.416667
157.072046 27.433333
157.122621 107.002267
161.1333 37.51846
163.152956 61.372104
163.189775 50.21419
163.214856 47.083333
165.091379 231.366667
165.171763 80.297368
166.097578 37.266667
167.106232 175.400277
169.09132 325.683333
169.162871 57.777444
171.110845 54.953392
175.098849 63.6
175.152214 152.65
175.196124 50.5
177.097186 137.50202
179.124435 134.150985
181.12401 754.45
182.127085 105.162319
183.108194 315.833333
185.121639 205.216667
187.091691 39.366188
193.123694 1834.386797
194.126337 218.033333
195.135879 248.339321
197.119599 112.55
199.129191 135.735714
204.117523 60.216667
205.125137 1265.283333
206.134614 271.621204
207.139995 519.536173
208.143149 143.878115
209.119049 262.715281
211.134316 66.55
213.12038 175.577389
215.152734 175.483333
217.127664 163.494416
219.143467 244.099168
221.121779 936.533333
221.312946 55.516667
222.122321 78.049197
222.155277 48.9
223.132657 174.084565
229.161761 145.488438
231.141413 2125.956667
232.143357 290.617605
232.229982 42.194454
232.267209 44.293889
232.663664 35.366667
232.707093 57.133333
233.158505 595.716667
234.162019 125.716667
235.178313 108.983738
239.145665 153.3
245.222376 529.516667
246.163439 1081.168979
247.166583 337.383333
247.259044 52.033333
249.139296 88.190143
257.150285 140.717951
258.161654 190.171429
259.174166 1198.75
260.175863 277.158999
261.218071 42.714739
263.240708 658.9
264.244582 68.55
265.262962 143.022998
266.34683 29.631903
267.269784 212.283388
269.164499 263.95
270.239102 51.066667
271.172003 969.059483
271.33063 66.233333
272.176289 224.9
273.183976 292.166667
273.250041 39.55
275.160285 47.083333
277.193335 46.85
279.109741 42.083333
279.230907 182.666667
279.301425 85.5
280.239497 65.133333
280.284077 48.083333
281.255571 182.066667
283.179706 166.322222
283.249996 82.816667
285.176041 360.891695
286.173607 22.683333
287.17606 561.743439
289.19045 289.288293
293.213598 168.75
293.262014 46.7
295.183524 47.666667
295.218463 98.333333
297.198364 262.866667
297.303141 62.133333
298.138526 32.933333
298.193471 82.45
298.252091 45.333333
298.290409 51.616667
299.196113 158.667937
299.268525 63.477868
301.220095 283.938289
301.283426 64.783333
302.203916 78.187853
303.178888 444.1
304.149115 169.158635
305.178894 57.734161
305.23069 81.316667
306.196863 36.683333
306.234594 45.866667
306.271653 39.9
307.227026 251.270957
309.221706 335.866667
310.153315 42.005738
310.200838 40.066667
310.24927 28.35
310.291409 27.45
310.323304 25.356838
311.203881 1408.4503
312.205842 407.301031
313.214895 3181.005541
314.223901 1540.913051
314.497912 57.587879
315.233398 15592.838918
315.802761 94.468313
315.847104 75.65
315.93076 38.516667
315.971858 48.683333
316.236722 3786.15
316.736883 368.333333
316.943744 44.616667
316.9854 52.183333
317.030996 41.933333
317.23495 1123.883333
317.54337 89.5
317.649155 30.95
317.696041 36.4
317.756183 78.366667
317.90329 48.033333
317.957472 41.1
318.003057 41.4
318.215611 780.416667
318.691913 81.783333
318.739683 44.5
318.821216 144.733333
318.90622 39.416667
318.974657 68.433333
319.042331 59.2
319.100836 35.816667
319.230356 259.15
319.396093 107.2
319.495315 79.783333
319.559437 30.57028
319.747107 37.283333
319.798489 27.933333
319.83814 27.066667
319.915632 75.1
320.022892 57.441732
320.27279 45.054885
321.20542 171.7
323.214295 30
324.299719 206.158192
325.190082 793.212324
325.379142 63.083333
325.41705 54.733333
326.299669 329.366667
327.207952 1360
327.415535 40.616667
328.210513 698.933333
329.21556 5093
329.470788 65.45
329.606683 46.587529
329.689551 129.95
330.217024 1995.766667
330.429076 68
331.229456 2768.315446
331.711033 27.207962
332.098472 18.199832
332.230572 677.642644
332.434447 30.072194
333.243592 748.028834
334.241889 222.183333
334.420486 51.366667
334.471485 45.566667
335.222951 130.433333
336.183261 24.206836
336.316504 65.712968
337.270669 536.383333
338.349246 1226.09528
338.626848 34.116667
339.337599 506.111118
340.361197 67.85
341.18819 59.421319
341.312046 552.23151
342.161894 57.95
342.291938 137.266667
343.198629 947.784735
343.468337 52.316667
343.506827 32.530044
344.205791 315.95
345.212624 855.465594
345.405529 34.850347
345.450212 36.614927
345.541664 67.763154
345.585877 38.792911
346.215044 303.05
347.225368 1386.128392
348.228452 508.585897
349.225613 264.718584
349.487081 25.996168
351.245847 116.887885
351.333094 26.783333
352.258911 20.350368
353.271752 405.120387
354.298033 96.866667
354.426301 67.816667
355.160491 25.520076
355.203083 24.754997
355.291706 515.239929
355.47259 38.662342
356.307078 109.45
356.359052 46.918446
357.303032 610.865819
359.328171 679.733333
359.47299 139.520232
361.211692 289.303012
361.307541 31.35
361.496093 26.864187
361.541938 36.144654
362.223673 121.363078
362.310881 43.287222
363.253532 368.1
369.252641 35.283333
369.286815 40.133333
371.280798 54.833333
371.324996 50.151852
373.209039 89
373.257423 64.983333
373.308338 101.033333
375.217517 166.066667
377.208817 170.738813
379.240355 253.578206
381.263957 130.116287
383.31395 269.689486
385.301108 36.15
387.247833 48.659116
389.305381 72.266667
395.368304 222.716667
397.297713 28.19109
397.391734 227.303868
397.522541 30.766667
398.319344 41.183333
398.383722 155.933333
411.307255 61.216667
411.353629 92.683762
423.365369 317.613248
423.49564 86.345953
425.361722 82.466667
425.42206 51.95
427.39101 48.233333
435.231504 46.538963
435.284877 31.9
435.328403 32.516667
438.32277 26.656475
439.380171 30.366667
441.386502 403.840753
442.365042 85.79778
477.31489 34.416667
627.455863 806.824919
628.450366 238.622439
628.726647 22.427508
629.441886 144.538308
