67.050191 806.868176
69.069284 9492.572372
71.048506 3968.720508
71.085012 4992.870131
73.063092 1021.45738
75.042805 904.61343
77.038005 14158.917337
79.0536 26764.43768
81.064891 1005.819866
83.047835 3801.477521
83.084544 9574.529981
84.043979 855.558763
85.027835 1722.349637
85.063563 5911.763435
85.099815 4698.930962
86.098014 917.484186
90.044621 2165.491386
91.052287 9688.256955
93.068779 3741.368465
95.047305 3854.67204
95.083685 12963.39563
97.06327 5743.984386
97.099779 10847.516529
99.043419 4875.669068
99.079476 2262.340547
99.116214 1380.186495
101.05897 3298.860183
103.053331 39698.690648
104.053127 6095.606117
105.032705 114690.489666
105.069313 698252.673924
105.127251 11548.562919
105.171076 12213.320214
105.222659 2176.660398
105.241857 5125.485373
105.292631 3472.657995
105.336088 1052.088192
105.358371 2133.892701
105.402688 1194.832299
105.436493 1451.09862
106.036163 8531.474977
106.072479 63495.97006
107.078973 4399.575284
109.099659 6911.624868
111.043032 3368.944914
111.080131 4441.610547
111.116282 6018.159879
113.058041 1804.756087
113.095379 1547.350479
113.132678 1125.407561
115.053339 23692.029613
116.051918 4469.877112
117.056731 692513.842687
117.120298 10744.995699
117.167138 10550.057938
117.23419 3542.43264
117.25067 3354.337772
117.29959 2589.794347
117.357491 2402.447326
117.444728 1287.786474
118.060065 65892.479366
119.062735 3038.368598
120.080276 14034.372313
121.028153 2810.851429
121.066279 4490.439641
121.098922 3181.634586
122.059707 6763.641971
123.048285 2575.246929
123.079752 4494.890219
123.116465 5127.56085
124.076332 1888.720558
125.059238 2306.964893
125.095359 3796.82917
125.132396 3275.009358
127.075372 1797.339857
127.112018 1446.14674
127.148339 856.269911
129.052694 2512.722561
130.06506 22506.223064
131.072336 27685.011452
132.081307 1858158.35859
132.146596 58717.3041
132.21182 39590.385188
132.28055 23182.876361
132.348404 11357.580126
132.415235 7743.566321
132.490663 6154.014592
132.551425 3752.967241
132.607501 1251.439639
132.641008 2256.72674
132.691302 2342.981798
133.072189 530720.019113
133.159762 5680.29359
133.177681 5930.503562
133.234737 4564.371026
133.282378 1186.240046
133.301822 1431.132281
133.31693 931.772922
134.070482 51658.654173
135.079763 20417.674008
135.114924 1704.802382
136.079876 2586.317801
137.059556 1195.553316
137.095149 2487.127768
137.132414 2958.465975
139.074906 1944.094736
139.111194 2798.099962
139.148282 1495.163221
141.091209 1344.565795
141.1275 1065.923941
144.077909 958.037121
146.059711 1892.107805
146.095105 813.969527
147.055084 4402.614341
148.075472 32965.647647
149.022418 12387.537346
149.076967 7612.016557
149.132292 1632.831352
150.090832 200174.056651
150.176473 1533.54985
150.194431 3334.779503
151.094232 22946.048546
151.14878 2232.931528
152.016736 1461.56006
152.094911 1649.874033
152.105471 1103.099837
153.091586 1412.662802
153.125349 1815.12783
153.162387 1170.040415
