51.021302 446.527688
51.086859 45.100311
52.026673 140.80641
53.036643 2834
53.230816 45.05
54.036397 181.8
55.05153 2537.170146
56.046671 405.915837
57.06603 2166.352895
57.158304 62.125
57.180481 124.9358
58.061131 1355.507258
59.04612 499.6
61.023208 73.025
65.034144 2319.445606
66.040292 304.115318
67.050588 7756.975
67.201705 34.404749
67.444719 40.648376
67.463923 40.475
67.599621 22.575
68.053253 672.300373
69.066903 8193.16598
70.065855 1235.65
71.082818 3427.090577
71.208848 44.75
71.991406 84.55
72.042835 932
72.165411 98.375
73.054631 433.685172
74.059246 252.2
77.036346 2152.25
78.042544 426.385981
79.052121 8247.875
79.198772 385.160823
79.564761 130.05
80.055389 908.673256
80.215306 22.844466
81.068241 18679.933237
81.26202 43.665349
81.59031 477.52006
81.902877 37.85
81.931594 28.179864
82.070104 1592.725379
82.198587 29.283415
82.261486 21.537591
82.280394 22.471163
82.450675 40.57724
82.472684 39.35
82.492564 34.8
82.789999 73.872881
83.082283 2744.83211
83.201064 34
83.222029 23.939605
83.244376 22.933026
84.07943 978.35
85.064103 647.5
85.158164 57.55
85.179131 43.55
85.200991 46.075
86.095484 7796.475
86.202593 92.15
86.229179 147.075
86.27061 54.75
86.295607 48.65
86.417769 59.075
87.044531 71.1
87.099446 612.025
88.020402 237.425
88.074745 108.35
89.063966 178.829801
91.053628 11479.525
91.172178 377.325
91.264448 120.975
91.39695 150.35
91.440797 77.8
91.607394 187.175
91.898973 11.473636
91.947754 28.150662
92.057315 1356.160563
93.069893 18948.438185
93.418177 48.273913
93.573965 448.6
93.655586 19.625
94.072994 2451.946926
94.279703 21.261111
94.313739 19.501852
94.494555 33.641018
94.541591 29.163014
95.08465 8312.659483
95.418009 254.875
95.49105 21.4
95.512901 21.925
95.598653 193.125
95.756929 17.851934
95.782287 24.922222
96.086544 1102.775
96.348879 16.693371
97.100776 1772.587838
98.096464 807.5
99.080469 997.075
100.076057 163.75
100.115663 49
102.090904 49.182254
103.057885 794.225
103.151627 51.75
104.062322 183.1
105.071364 5833.1125
106.075316 673.85
106.157485 40.25
107.086371 13839.754751
107.55244 176.125
107.669347 25.3
107.961015 31.35
107.992889 33.125
108.008063 33.725
108.090876 2246.35
108.310324 20.975
108.334345 26.022932
108.534945 31.175
109.102344 11775.575
109.323863 18.799508
109.39348 10.04927
109.528906 114.338171
109.616031 55.975
109.672975 13.825
109.718506 31.375885
109.77504 15.991621
109.892555 11.547235
109.933433 29.211333
110.105425 1324.7
110.285488 27.1
111.047169 3255.225
112.078732 942.791736
113.103206 340.812121
114.095648 389.224432
114.150962 72.522667
115.056616 515.95
116.059212 233.788793
119.087323 4507.307252
120.091496 597.575
121.102656 5118.203004
122.099052 807.3
123.045738 14783.975
123.254359 31.903604
123.317757 55.457645
123.381745 9.065549
123.584975 316.836985
123.980658 27.204054
124.048731 1722.725127
124.37312 46.325
124.583163 50.525
125.018134 1749.247166
125.18668 52.8
125.214753 43.775
125.240154 44.8
126.03125 86.956716
126.060968 49.4
126.098542 207.9
127.014283 295.53912
127.149046 93.048253
128.061684 340.569053
129.071179 844.6
130.078367 172.803006
131.086273 1790.3
133.102136 3089.195009
134.102254 410.625
134.172306 45.85
135.117458 15162.075
135.290216 71.125
135.339985 225.437127
135.661943 221.354195
135.785089 202.898092
136.12086 2065.625
136.459677 30.775
136.687078 27.025
137.061344 4798.85
137.548236 54.125
137.780046 32.425
138.065379 474.525
138.193151 30.325
138.217715 30.5
138.976824 43.825
139.108394 608.675
140.109213 304.95
140.99985 55.9
141.075498 541.275
142.080234 396.836268
143.087472 905.7
144.095079 481.849439
144.212929 38.1
145.10408 2291.1
146.104753 457.7
147.116537 2382.908065
148.118402 604.684722
149.062717 3105.560035
150.068416 504.175
150.21044 56.475
151.078437 2046.608163
152.078894 590.65
153.071385 242.225
154.077792 64.300978
154.110961 69.55
155.089617 625.075
155.171355 81.9
156.100954 253.65
157.103082 861.475
158.109276 355.347454
159.11672 2346.75
160.121554 563.60431
160.188904 47.733457
161.12408 2688.15
161.33004 75.025
161.509028 64.725
162.138208 529.825704
163.07791 2497.720508
164.090109 381.325
165.093972 3280.175
165.984909 123.6
166.099397 653.775
167.093521 406.70957
167.994506 101.05
168.060232 101.55
168.096663 200.15
169.101269 357.8
170.115192 157.656174
170.150404 230.525
171.102584 1185.368575
172.121532 254.475
173.132301 1535.525
174.0703 1368.475
175.103332 2189.151738
176.110742 444.659113
177.128241 3611.726492
178.133431 682.3
179.108217 883.421975
180.128028 311.525
180.231877 85.9
181.123438 3522.925
182.074227 45.45
182.1244 864.775
183.106973 641.9
184.170333 1378.375
185.133335 997.225
186.111442 214.325929
187.14559 871.483871
188.1434 565.673188
189.095074 2342.3
190.099057 373.25
191.143679 1051
191.29278 50.825
192.141453 69.95
193.124018 44567.125
193.431296 135.875
193.510247 81.8
194.127485 6031.963181
195.129886 1076.875
195.540781 63.7645
195.621375 22.462057
195.750098 43.246311
195.783646 15.8808
195.818068 19.000476
195.871992 60.163162
195.992767 36.779634
196.127613 259.969456
196.338285 3.498011
196.472326 21.901282
196.532549 13.266957
196.611438 14.493609
197.127417 466.720455
198.084236 29.5426
198.111168 113.029327
199.078679 1248.875
200.084188 322.225
201.093199 1500.1
202.095463 330.747253
203.124797 1045.078456
204.116775 352.7
205.126348 2930.47994
206.133562 686.569876
207.14056 6467.285843
207.870668 34.05
208.005521 83.05
208.144434 928.35
208.533183 61.6
209.13165 667.875
209.225449 38.525
210.116555 60.525
210.146013 64.55
211.128506 439.584188
212.116046 100.08556
212.147156 126.837692
213.165378 570.95
213.246108 83.425
214.102539 252.875
215.14917 1001
216.142812 235.923765
217.125228 4821.375
217.326974 67.1
217.364253 70
217.393507 120.647399
218.130533 899.618906
219.139831 1859.768675
220.146425 568.681765
221.156096 2993.725
222.161076 575.95
223.131004 421.891447
225.150001 520.366405
226.120289 220.3
227.146226 1002.698463
228.143825 168.55
229.160615 1263.224083
230.170558 301.25
231.141058 11474.325
231.507736 86.315672
231.82221 180.65
232.145151 1848.65
232.390474 127.5
232.463942 41.825
232.500663 34.4
232.548545 64.175
232.61909 45.075
232.667888 34.372753
233.157493 5688.641023
233.849025 27.38
234.161844 1058.898986
234.359121 38.4
234.398748 101.087061
235.172286 4273.465468
235.576043 61.275
236.175522 535.95
236.26477 28.575
236.298717 22.88198
237.175459 204.175
237.211675 140.7
239.114645 98.675
239.161197 63.75
239.187401 65.45
241.164917 1031.254012
242.165873 252.325
243.153179 943.2
244.153781 466.962061
245.158887 2944.225
246.16107 460
247.172128 4169.929083
248.174852 839.225
249.172756 174.425
251.1483 44
251.178431 86.621075
253.142845 441.45
255.182361 485.05
255.27536 57.7
256.163334 154.650127
257.156971 1208.782597
258.162742 249.7
259.17237 13583.5
260.178734 2725.55
260.508386 162
260.575561 45.025
261.179894 336.144292
262.180123 85.075
263.14142 144.488437
263.207538 45.9
263.241393 45.55
269.16122 613.55
270.170024 237.175
271.172574 2528.39507
272.178209 615.700625
273.187716 1913.177273
273.441431 38.875
274.190435 310.42093
275.184311 176.9
279.231587 90.275
281.186811 290.2
283.17358 259.4
283.243233 100.9
284.300098 380.3
285.176531 630.806089
286.176207 326.625
287.196393 940.975
288.197611 124.062248
289.219759 304.878906
295.073193 97.9
295.180081 359.55
295.27099 48.275
296.187604 100.175
297.220415 1005.701596
297.374473 65.13657
298.232271 309.575
299.205819 779.983333
300.214675 134.175
301.188582 498.025
307.225443 96.125
309.198788 298.75
311.206713 422.294925
312.330753 328.575
313.217119 997.3
313.436355 95.475675
314.219037 232.846702
315.23546 6311.524143
316.238315 1407.25
316.464091 56.9
317.239573 233.745067
324.330156 365.575
325.206961 285.057264
325.325768 176.15
327.231306 566.326834
329.218259 368.712827
331.229374 79.6875
505.342356 353.7
547.413916 168.525525
571.393962 146.125
627.452465 476.848532
627.61549 134.960702
628.441008 303.539157
