55.051568 108.369565
57.065769 1241.706522
57.142434 49.956522
58.057439 196.319587
61.020435 339.818266
65.033595 142.994002
67.048262 242.08373
69.065945 751.563043
70.069648 95.819745
71.080307 553.991304
72.082939 215.778149
73.026438 162.08246
79.055075 120.60767
81.068362 388.323913
81.112088 40.345652
83.082823 769.667391
85.064418 123.267391
85.098264 213.971739
86.096149 419.366818
88.020786 618.004348
89.061286 138.147826
91.00387 115.730435
91.054589 138244.695652
91.264808 308.718743
91.315721 298.354348
91.349625 107.715217
92.058049 10690.83473
93.065862 512.569565
93.758646 64.482341
93.891682 8.387534
93.937741 54.707632
93.993145 10.110118
94.09338 100.71598
94.151548 7.398195
94.174342 6.365224
94.291089 18.141038
95.086273 745.465358
96.05868 65.586998
96.083846 45.993155
97.102157 836.721739
99.008447 58.985264
99.039824 112.095036
100.1121 98.747891
103.077631 125.03913
105.065367 685.436957
106.071596 72.03913
107.051611 730.421739
109.107373 502.782543
111.117301 402.354348
113.060848 84.006522
113.096269 100.519565
114.105892 60.443478
117.070295 273.280435
118.079182 154.873372
118.996008 82.534783
119.088084 192538.419565
119.296367 475.539145
119.396359 567.263178
120.091067 18713.076087
121.098212 1351.341304
122.033501 40.432139
122.110901 195.775693
122.217278 10.779555
122.303529 39.752906
122.354492 23.019565
122.418686 20.63913
122.453676 13.118363
122.480918 19.977732
122.506311 30.709812
122.52892 62.119599
122.705641 32.528327
122.948247 24.169565
123.120013 429.423928
124.107907 148.358764
125.055621 48.165565
125.130725 232.056522
125.185156 28.346461
125.212525 28.781255
126.087068 43.893478
127.039853 438.626231
129.057386 66.080435
131.088499 83.699226
132.081973 360.047826
133.098628 507.317391
134.097411 2289.736957
135.110678 1000.035385
136.021937 98.069565
136.045811 75.956522
136.112846 81516.774397
136.332632 108.587454
136.451741 241.763577
137.116361 8973.737157
138.346198 59.718762
138.440569 257.019894
138.51319 33.799188
138.543233 18.450064
138.570606 21.093991
138.653717 94.264294
138.708585 18.312713
138.734242 15.978261
138.762697 36.822649
138.877982 142.889001
138.982311 9.370035
139.113545 310.617435
139.258347 16.008133
139.287749 18.753206
139.320421 18.677641
140.152492 254.780435
141.052244 321.847826
143.128194 42.582609
145.096985 197.378965
147.118155 254.932609
148.116784 691.933395
148.203315 56.223913
149.127659 373.054472
150.129848 998.756522
151.151303 389.543478
152.027758 97.502174
153.096587 78.330595
153.124652 48.628261
155.1067 174.967594
157.112285 104.270437
158.138389 84.527135
159.120607 192.550919
161.124784 238.028261
162.132574 260.863043
163.152342 383.73913
164.146243 630.382609
165.162807 387.904575
167.109797 77.276087
171.138437 212.436957
173.139723 218.752174
175.155647 207.478261
177.130225 69.71087
177.164638 171.026087
177.19658 69.867391
178.123062 49.767871
178.158418 89.968244
179.115118 81.834783
179.175933 270.127486
181.169502 110.108696
183.082721 998.473913
184.09106 101.78913
185.127499 108.578261
187.144473 204.354348
188.150352 176.16087
189.159289 374.75
190.166058 157.786957
191.180528 258.719565
199.175522 180.35
201.162532 253.856522
203.178262 400.354348
204.185207 189.46087
205.097842 82.904348
205.192 361.173913
206.153424 194.104348
207.166948 64.480435
207.210241 122.132609
209.136499 142.302174
213.166232 87.019565
215.180479 245.086957
217.20961 226.254348
218.198413 65.18913
219.207726 401.113043
221.17067 79.587036
221.216431 61.058696
222.150813 703.169202
222.269548 45.341304
223.156355 186.040681
226.163366 230.394302
229.19904 228.415217
231.215281 271.66087
232.184521 57.31087
232.223065 74.623913
233.228762 317.652174
235.163833 119.85495
236.167046 263.002174
243.209778 177.13643
245.221486 250.113909
247.192803 57.184783
247.230783 160.66087
251.221249 114.193478
254.193302 700.451641
255.205794 370.295652
257.246845 823.132609
258.253991 147.134783
259.254992 264.022765
263.232683 355.163043
265.254528 149.006522
271.231123 221.334783
275.263181 116.254913
279.233138 152.804348
281.251313 102.576087
281.282043 49.773913
283.257895 125.958696
284.293866 180.458696
285.280758 653.252174
295.072516 366.929442
295.267859 170.097429
308.293948 109.294546
309.275845 175.902174
312.318708 69.203545
313.309132 264.93913
324.328897 145.102137
337.264757 46.840258
341.340745 275.348461
395.370723 254.43913
397.383907 686.285121
398.387447 211.305455
