91.056183 2616.544796
93.070148 827.190542
94.066493 3124.146718
95.079397 660.285418
96.082388 923.102705
103.057062 901.251486
105.072381 5113.011063
106.073999 591.847352
107.07476 756.468131
108.082561 1058.229025
109.089564 1249.158001
110.09803 495.871392
115.056847 1507.417197
117.071471 1288.829867
118.067429 1328.66738
120.082959 2505.450021
121.067598 1418.216328
123.046385 910.992852
128.066077 704.224993
129.073176 990.856819
130.070956 585.641563
131.077526 3031.469492
132.082858 5388.37217
133.088827 2147.597765
134.097745 535.388441
135.04631 1063.436686
137.061532 6430.481799
138.064772 613.781019
141.07177 3135.252546
142.077388 622.725515
143.050594 595.086793
143.087548 512.091469
144.082274 8142.404817
145.088489 4435.418258
146.06148 7064.334464
146.097367 2478.117749
147.046291 3571.45962
148.07635 1371.19616
149.060763 1093.066611
152.063741 967.643685
153.070882 3977.599096
154.076803 1171.107533
155.086512 2799.62454
156.086709 896.547538
157.066183 1423.517013
158.097699 1147.852885
159.045228 1081.025071
159.081702 1713.810908
160.076714 1681.322249
161.060562 30996.251203
162.063623 5614.394525
163.064811 1740.515939
164.071217 2420.500637
165.070995 18246.623337
165.172289 712.917339
166.076348 4214.192664
167.085654 2033.389141
168.085922 1293.723848
169.065938 4094.602434
170.099224 1202.552278
171.045548 759.009913
171.082071 899.682261
172.07808 745.005885
173.060923 2896.835243
174.091619 1893.53358
175.069363 1293.619694
176.071728 4753.630693
177.077607 2619.432902
178.080517 2896.371869
179.08671 14718.574074
180.09021 3221.149087
181.066044 21994.222552
182.071145 5094.303799
183.081515 9415.449455
184.081688 5417.880801
185.061109 4070.097517
186.091819 1905.761283
187.076718 7090.720352
188.074683 2511.81545
189.076253 2395.031561
190.084751 3073.207909
191.086792 13735.925718
191.19667 379.94652
192.090009 3213.743244
193.06606 27447.347305
194.07143 7216.622383
195.080764 2998.437995
196.084157 1791.483507
197.061196 6456.189743
197.096866 6160.534027
198.093422 4692.584308
199.078144 10722.840832
200.076757 3230.25
201.08191 4400.112523
202.087464 12574.497453
203.074722 18658.585799
204.082588 3542.136637
205.069119 2171.581989
206.082136 1866.007817
207.082297 19170.23907
208.086523 6068.61881
209.061522 35658.950021
210.06698 11247.967035
211.077175 80298.99015
211.628782 2132.06964
212.081188 17926.652625
212.606764 2792.10353
213.085595 6157.717444
213.571205 1730.14409
214.088373 2436.454062
215.095083 2407.68814
216.101895 1005.580853
217.092408 525.10193
218.076793 1608.610354
219.082573 15644.668532
219.198321 615.23854
220.087185 4856.86307
221.096201 7537.801861
222.129396 12316.585148
223.07812 5755.656197
224.086284 5424.216256
225.093043 33959.154173
226.094439 10535.52744
227.102504 11792.709854
228.105095 3104.135788
229.088574 3198.931072
230.091928 842.800241
232.107416 1466.112654
233.106464 1305.222588
234.093757 2173.868151
235.098505 6067.523815
236.106941 5378.156232
237.093107 34486.07824
238.093554 12805.669143
239.105443 17291.044319
239.728893 2121.197015
240.105316 22235.737514
240.743593 2118.100739
241.101673 5502.843727
242.113126 1385.237015
243.102927 713.659299
244.099355 1281.488608
245.104487 531.570275
248.109182 1502.229965
249.115557 1237.627904
250.12473 17198.381309
251.130731 10191.816152
252.104374 9048.704596
253.108671 23750.716469
254.113378 5248.605338
255.105542 1757.830028
256.103931 831.078113
264.104027 661.425887
266.119496 18791.9071
267.125567 12000.001436
267.806237 103.74202
268.135014 184700.549054
268.794112 7473.060126
269.138394 32242.96507
269.856441 5049.401988
270.140855 3781.674358
270.3936 3370.770157
270.927977 1354.186734
271.104752 402.041933
271.46311 3144.638871
272.125446 2022.089369
272.541751 1749.502942
273.102784 1061.478522
279.10333 1340.887026
280.101778 974.14561
281.1151 895.812702
282.114545 3662.246222
283.118356 806.46409
284.129633 2334.987626
285.133979 756.573646
286.145466 5376.208351
287.148612 1006.075265
294.11425 697.88356
295.120576 817.6279
296.128408 507.435562
298.109947 539.622064
300.124562 719.175274
308.12958 3687.657902
309.133263 856.866384
310.145119 89160.009692
310.846362 3149.146647
311.148499 17945.456317
311.971578 1885.839877
312.150715 3132.501981
312.560491 2175.759695
313.150046 1626.892791
324.124771 555.313738
326.13992 3998.385647
327.146272 2254.073804
328.155677 36437.984295
329.159024 7690.479929
330.16116 1286.407945
342.134961 1417.025997
344.149763 812.901544
368.150239 9573.913075
369.154092 2299.266575
370.16594 199131.662882
370.930622 4830.741926
371.169305 44920.229626
372.172151 11288.333997
372.821149 3364.636068
373.174881 762.370335
373.447162 2764.287655
374.093983 1659.50084
374.715952 1366.098482
384.145113 1328.292197
386.160748 2957.683292
387.164053 662.66737
388.174847 555.234404
