57.065794 388.598214
58.060272 133.292372
61.019834 113.0625
62.052705 39.116071
71.038054 126.714286
71.07956 227.142857
81.067901 8631.441513
81.198056 89
81.231199 148.742131
82.071955 629.598214
82.171595 53.806229
83.077799 147.546928
83.098884 78.598448
84.076661 144.184042
85.065844 194.118199
86.093898 131.147144
93.069995 2618.296513
94.081289 205.775268
95.085345 1206.734016
95.174493 85.3125
96.089538 182.62681
97.103956 304.001771
98.094338 66.698574
99.042269 215.518217
99.070299 133.0625
105.069463 191.169643
105.087717 99.160714
106.090008 52.669176
107.088552 2723.342098
108.094811 782.057722
109.102575 5586.609316
109.517139 55.901786
109.720558 34.883929
110.107403 598.089286
111.119519 768.615405
112.080073 63.084445
113.108544 73.673026
119.086059 597.703559
119.177752 48.758929
119.200755 46.981168
120.091077 87.347462
121.100635 512.098214
121.165451 80.553571
123.118058 1331.861788
124.116753 191.151786
124.144374 94.535714
125.071827 63.089286
125.096342 123.794643
125.116694 85.258929
126.085062 42.901786
133.100917 687.287846
134.109848 91.054978
135.117094 4836.857143
135.324791 66.412174
135.792464 40.598787
136.121143 619.910714
137.061009 643.134793
139.121697 150.401786
140.102868 59.758929
140.151699 181.133929
140.18025 75.125
145.105041 123.285714
147.049038 112.973214
147.119282 297.526786
149.132967 552.243533
149.198573 56.723214
150.099503 85.931475
151.113952 420
152.084251 175.928822
159.11853 307.973159
161.139399 433.553571
163.104689 56.5
163.16159 263.651786
164.149932 99.375
165.090996 403.469991
166.103932 135.196429
173.137262 183.025023
175.142139 431.888062
177.128858 189.276786
179.118503 239.089326
181.126517 1525.898491
182.128764 128.261802
183.098907 109.45106
184.172842 84.835655
187.134262 114.696429
189.09867 85.9213
189.166781 221.235316
191.144487 136.700701
193.123755 25455.317354
193.429837 115.276786
193.494666 51.276786
193.520921 54.375
193.615238 394.642857
193.758629 55.330357
193.785941 60.1875
193.887889 466.794643
194.019904 60.607143
194.048873 56.919643
194.126981 3915.875
194.68373 197.332594
194.815987 45.016801
194.938663 106.029615
195.132031 522.724229
195.4314 26.999583
196.264326 37.964286
197.117196 35.410714
199.073623 46.821429
199.145413 97.758929
199.178047 50.294643
201.154009 141.417282
203.172754 254.919643
204.115201 142.18258
204.185131 29.765629
205.126535 1674.232143
205.335647 44.25
206.132151 468.95123
207.140664 3562.836864
208.145497 469.430998
208.246287 45.785714
208.277511 42.285714
208.312401 36.616071
209.148252 165.910714
215.150488 164.866071
217.125878 1211.448537
218.1339 197.946429
219.140992 1786.660714
219.349623 108.035714
220.145599 323.765055
221.157491 1883.160714
222.161154 295.094937
223.115092 174.466486
223.190661 47.756885
227.142385 91.106178
227.201546 44.125
229.19218 218.321429
231.141812 5484.303571
231.536439 60.392857
231.568691 53.821429
232.146253 748.473214
232.290423 26.803571
233.156601 2676.051667
234.161358 408.83385
235.172064 1762.611422
236.182219 386.735283
236.299264 33.580357
237.166309 163.5
237.23483 37.776786
241.172453 131.348214
243.146947 392.63849
244.15528 82.340748
245.158765 1211.571454
246.160891 221.428571
247.172013 844.074777
248.170827 168.757123
257.15822 353.809713
258.162618 194.214286
259.172308 7624.407099
260.177183 1436.169704
260.473759 48.135241
261.191698 242.928571
263.234722 146.4375
269.162061 133.544643
269.210293 172.901786
271.173227 1417.482143
272.178556 347.758985
273.18626 683.140563
274.19187 129.928571
277.210268 88.07483
283.16335 82.258929
284.29434 84.517857
285.171527 494.120093
286.195855 161.344389
287.209498 624.223214
287.322379 61.910714
289.205032 169.445655
297.219597 610.946429
298.231338 213.883929
299.205923 545.919929
300.21684 92.129221
301.201661 263.392857
301.259609 59.607143
304.265871 129.973214
307.227899 278.196429
309.24708 392.535714
311.205188 719.709247
311.351215 143.11436
312.214435 148.482143
312.324438 215.866071
313.215775 1481.935378
314.22434 518.432859
314.393432 31.116071
315.233857 17978.839286
316.025568 49.232143
316.238466 4401.901786
316.864595 43.785714
317.076325 35.544643
317.240642 1023.955357
317.798986 35.946429
317.972163 41.633929
318.092246 123.678571
318.233098 200.901786
318.49343 32.491071
318.660099 25.910714
318.817237 96.642857
321.256495 71.5
324.33126 217.197573
325.194627 231.540888
327.233062 631.359443
328.231658 124.848214
329.217538 720.219295
329.407084 135.616071
330.22281 281.285714
331.231286 538.491071
331.356592 90.28814
332.236972 168.133929
337.261024 284.178571
338.334659 75.598214
339.315008 124.276786
341.310592 68.223214
343.194259 186.273158
345.216335 103.475077
347.223908 401.580357
347.35522 89.544643
348.232532 103.491071
348.282358 50.633929
348.325797 69.196429
348.365547 48.008929
353.301271 42.353032
641.431417 158.741071
