91.056807 1106.468148
93.071731 569.515036
95.088599 620.244636
105.073613 905.679573
132.08298 1577.698574
133.095767 648.425472
137.061728 2296.315816
144.082449 1906.297945
145.090284 1579.723127
146.061538 1315.009513
146.097123 545.521982
149.027727 667.398684
161.060656 6683.302799
162.063812 1270.410294
164.07173 621.754293
176.071766 551.182577
181.066164 6608.888234
182.0695 1106.837998
187.076978 1064.04091
193.066199 3219.643924
194.071897 728.846882
199.076842 3206.520871
200.080241 550.476351
202.088009 1592.752551
203.071955 20017.662622
204.075866 3942.027227
205.094878 540.535371
207.082528 1584.41798
208.053842 1358.295895
209.061477 5014.383964
210.066726 1206.364451
211.07733 10046.577421
212.080919 2035.864748
213.086437 783.628099
219.082908 1973.144097
221.097669 850.194331
222.129373 1052.829643
225.093235 5058.693418
226.095436 1481.702484
227.105768 1222.466793
235.090472 735.120807
236.096061 1092.753008
237.093224 8514.348967
238.096147 1677.275807
239.107471 2609.977693
240.107129 1779.975152
241.088939 1142.595246
244.099058 1427.435995
250.124804 3420.46756
251.130788 2415.880432
252.10566 820.049197
253.088674 8971.376079
254.094319 2508.096914
255.100508 415.345775
263.108948 554.915048
266.119351 1738.921275
267.125976 6186.632832
268.13512 65841.933598
268.789409 2300.201811
269.138379 11856.232988
269.855419 1558.943405
270.140826 1352.56072
270.388443 1217.052749
276.16098 506.855839
279.103526 1793.084397
280.104653 637.365075
281.115367 1012.502619
282.114654 2015.034105
284.129314 969.272381
285.136911 918.912945
292.134844 665.557895
296.128965 960.540016
308.12963 3038.711592
308.85905 36.188966
309.135226 1191.055121
310.145761 444360.895265
310.23839 26465.612692
310.341695 16657.165376
310.444608 8651.732458
310.549719 4326.675107
310.657342 849.453047
310.861887 13606.736012
311.148502 107728.544644
312.151029 16814.814538
312.558591 14088.808149
313.153454 11997.929208
313.711719 8488.002482
314.297323 7450.125401
314.870579 5377.302988
315.455237 2699.890266
316.047654 4182.815585
316.61364 2716.99504
317.178804 1470.916594
317.773894 2161.400415
318.35886 1769.344269
324.124469 1785.886706
325.129949 641.352508
326.139989 4732.290006
327.146857 4820.435475
328.154759 4389.605736
329.158244 998.941604
340.119756 665.71292
342.134885 1805.324767
344.148677 660.080044
356.14906 776.515568
368.150021 33333.995737
369.153891 7653.854257
369.467189 265.941708
369.584111 298.263876
370.166074 309045.561896
370.925444 7412.771791
371.169272 71207.445618
372.171988 18080.718068
372.816145 5998.753385
373.175267 1414.616083
373.44292 4919.578676
374.093105 4098.614619
374.711189 2418.236406
375.331593 2532.279024
375.967999 1417.193657
376.612178 1970.852851
384.145292 4514.548409
385.148583 1093.451435
386.160543 7404.652662
387.163788 1703.98107
388.173248 1166.911906
400.141104 583.336468
402.155162 807.764569
