67.052689 1734.046725
69.069426 4190.663439
71.047528 772.876766
71.085239 2524.065678
77.03822 94792.838594
77.106192 1451.751007
77.118172 1001.120495
78.041807 4602.080237
79.053696 80639.160851
80.057456 5430.009166
81.068268 6004.944402
83.047869 1765.692509
83.084751 5421.918025
85.063695 1220.99658
85.100047 2514.587692
89.036851 42280.984198
90.044576 108795.269706
90.114656 1150.380036
90.126746 1438.598527
91.051318 36299.348387
92.055856 2160.195704
93.031513 1008.421763
93.066771 2138.809309
95.048766 2478.765055
95.083495 6838.3203
97.063624 2146.047697
97.09936 4625.82659
99.041395 950.738269
102.045186 2024.686849
103.053398 100910.141541
103.134946 2180.140662
104.053169 18268.694122
105.032832 35208.153397
105.069084 303809.681573
105.152921 7595.803471
105.216263 3170.953955
106.036336 3111.483981
106.072269 27873.255438
107.07987 2139.926937
109.066141 1222.515568
109.100137 3562.121998
111.078301 1276.127922
111.116041 2279.113709
115.053211 45427.78261
116.051397 13667.141838
117.056912 1022677.806646
117.116166 25490.531318
117.176889 18256.00053
117.241837 10504.984145
117.305215 5242.345751
117.368369 3782.763486
117.420891 855.084212
117.443298 2422.89379
117.496747 1890.542388
117.585527 1364.482707
118.059933 106929.347204
118.146747 2271.657551
119.063529 5372.263954
120.079882 4930.547606
121.028021 2824.825535
121.068491 1138.51691
121.094703 1328.831479
123.07975 1408.803078
123.116196 2128.957032
125.096422 1047.139877
125.133038 902.676326
130.064926 60035.155814
131.072279 56542.838598
132.080667 278005.494005
132.174695 5802.647576
132.244408 2648.332
133.05613 17815.568732
133.081967 34494.987741
134.062322 3267.468051
134.088675 2078.407757
135.080097 2585.909442
135.116511 1206.325387
137.131648 1284.658491
140.048933 1095.359985
142.064066 9991.790668
143.066708 1480.19855
144.07548 1755.46211
146.058695 1623.155908
147.060857 915.370644
147.069251 927.73257
148.075241 3429.07187
149.023011 3100.559126
150.090332 8991.265544
151.096564 1847.084119
