83.106817 526.661289
84.043956 1067.787174
99.04335 4623.742357
101.022147 1140.628316
101.05882 2495.652211
103.054634 771.938127
103.073468 1028.727771
105.033013 13457.910877
105.069376 9765.459192
106.04003 1104.240352
113.057598 1522.501731
115.03892 3459.35305
115.074692 1645.916426
117.054695 4037.009036
122.059521 12786.981727
123.044499 12800.615508
123.077744 866.112041
125.095631 1157.822795
127.074334 2818.553045
129.054594 2188.012096
129.0898 1512.149196
130.052363 3897.664038
132.080759 386152.288469
132.175298 9298.032197
132.245627 3352.300887
132.3062 2103.542831
133.066094 157192.705841
133.154112 1596.257585
133.170668 1893.296132
134.069049 13778.769852
134.092558 10303.886599
135.07965 3409.0731
137.060907 1017.664807
139.048784 1104.348593
139.074047 1801.330594
139.112157 1246.336974
141.09126 3575.847569
143.067078 995.493157
143.105898 781.244597
148.075527 34410.334147
149.069981 7636.778165
150.091088 845071.147981
150.160389 13141.229082
150.22185 13536.734307
150.299026 8017.314412
150.367413 3732.885674
150.421214 1047.612934
150.440884 2254.401923
150.529936 1681.819125
151.094084 92077.603849
151.191754 918.809457
152.099018 9150.998961
153.091932 2096.743985
