80.051154 2528.703385
81.056849 913.052892
82.066711 162560.146874
82.138448 6235.40624
82.187835 2974.221307
83.071331 15288.720231
91.056145 55056.672035
92.059982 4471.658385
93.035357 13791.657667
93.071984 17735.336849
94.038677 1177.031457
94.067593 18961.423366
96.08292 17605.671649
97.068585 1570.08353
97.084449 992.284794
100.077186 870.374669
101.083745 1393.088626
105.036322 73563.245514
105.117364 2531.700371
106.039633 4874.849452
106.067399 1380.451083
107.052258 3676.851909
107.072462 1511.162294
108.083261 73321.295788
108.165618 4317.691235
109.08575 8871.03094
111.069594 1014.579035
114.094083 2569.613493
117.058635 1485.819909
118.044287 12352.982181
119.052163 88249.632762
119.139516 2965.531736
120.05556 7380.602455
120.083671 2106.930127
121.067559 3323.941746
122.06398 2168.159208
122.099606 57685.303839
123.102202 4715.681399
125.062984 6123.924906
129.083564 979.10751
132.083906 8236.958937
133.068525 9648.924269
134.0689 1226.091719
135.069996 3551.982818
136.078716 6460.965118
150.094066 192762.174644
150.190635 7719.395924
150.260025 3090.449601
150.535541 1193.862281
151.08809 36845.847767
152.080607 4908.358977
154.088975 18234.370765
155.092482 1204.60462
164.109384 3165.852328
166.089354 1835.624419
168.105049 4432.001987
180.105129 1768.390383
181.785831 6735.773278
181.929983 7289.724212
182.032559 4634.030271
182.121639 1918241.127909
182.195254 118182.323726
182.272367 74522.728202
182.351562 33095.39773
182.43152 10300.245567
182.513036 8834.670437
182.598521 24789.845621
182.67024 34934.591991
182.7381 19357.012519
182.807955 2396.012646
183.123571 296190.039529
183.199258 28346.931233
183.538186 42057.398253
183.615064 20565.908327
184.004235 37187.977639
184.125661 28614.271398
184.443338 31581.342721
184.886223 25285.760233
185.335641 21959.87277
185.774071 18286.014244
186.225737 14785.568076
186.668373 12540.074153
187.072204 6825.488924
187.130566 1904.901972
187.18238 4366.762076
187.563386 8249.978529
187.999246 6838.024913
196.136047 15464.477032
197.139738 1614.450659
198.115233 2796.650774
272.131834 16783.221547
273.135145 2915.414606
302.143252 2661.467403
304.158137 313166.472915
304.294351 14969.580484
304.396508 5326.385906
304.78907 2800.758196
304.881436 6998.425969
305.161572 57402.994204
305.309919 4078.556538
305.421947 8275.723769
305.977119 6666.87123
306.163862 8088.908539
307.163605 4878.554693
318.173428 2632.563189
