81.046827 1249.427797
82.062084 9805.189496
83.071642 2874.834215
105.036599 1445.226044
108.08263 808.211522
118.148991 1356.643315
119.052295 844.010238
122.09887 1299.434737
129.081614 4343.142996
147.095272 1350.579121
150.093931 5070.97115
152.073122 851.394121
168.10432 3416.979046
180.104276 1489.817117
181.110709 1254.630601
182.119714 174504.67274
182.227639 6982.967741
182.295304 3263.165418
183.123111 18793.327457
184.124658 1855.869597
196.099261 936.552751
198.114888 2891.804925
272.131322 5244.379462
290.141252 3535.133847
302.1414 7868.271248
303.148638 11732.594914
303.686541 5143.162175
303.796221 1966.250358
303.961561 10113.300534
304.156831 1448723.625705
304.250843 49546.290004
304.342578 40497.977854
304.444701 15299.521272
304.553192 1292.403209
304.66515 2402.017673
304.781733 17885.234522
304.876851 33258.463298
305.015824 4285.163843
305.160105 285131.05826
305.309526 19689.865321
305.419176 40629.466028
305.973101 33709.038843
306.162378 40074.517297
306.509864 18799.1286
306.605142 14358.180668
307.163193 23816.659174
307.68601 17878.886004
308.261464 15515.286488
308.8349 13019.293148
309.418812 10205.379303
309.979548 8572.868865
310.507503 4027.496819
310.60566 4451.072391
318.171148 12072.440261
319.175439 2288.261944
320.152598 3033.701698
