119.088645 910.384643
123.081583 606.808502
124.088699 2805.923374
268.134677 1488.289112
296.129287 874.091018
308.128745 841.903856
309.136291 1007.593319
309.836075 157.350446
310.144936 274837.735275
310.33907 7075.75575
310.441952 3168.884234
310.547989 1841.318862
310.657321 399.648956
310.861152 8069.753488
311.147806 60651.453992
312.150384 6720.322956
312.558542 6324.456429
313.152671 6544.632888
313.712001 5105.074952
314.297049 4034.616527
314.871126 3156.331423
315.453222 1719.253387
316.044719 2244.690432
324.123933 761.642007
326.138885 1651.389392
327.146451 2408.505792
328.152646 1030.669533
359.13671 731.476879
368.14926 10493.651376
369.155176 5281.175071
370.165029 97159.138632
370.927706 2303.776044
371.168438 21059.821295
371.328762 530.487107
371.528757 2087.918561
372.171061 5445.670309
384.144411 1936.16418
385.147588 519.715552
386.159629 2187.973814
401.146436 785.13636
679.299626 1854.148421
680.301983 871.286849
739.320382 8253.335418
740.323974 4073.676029
741.327211 1291.337175
